id age  sex   dur weight height lm    pclm    fm     pcfm   bmc   
1    15   M    5  39   148   32.96   84.50   4.86   12.50  1.33  
2    16   M    8  45   162   38.16   84.80   4.15   9.20   1.89  
3    11   M    4  23   132   18.51   80.50   2.99   13.00  0.74  
4    19   M    9  46   159   35.92   78.10   6.73   14.60  1.59  
5    19   M    6  56   166   46.63   83.00   5.61   10.20  2.56  
6    22   M   12  50   152   42.13   84.00   3.93   8.10   2.12  
7    16   M    8  53   170   45.23   85.00   5.15   9.80   2.21  
8    12   M    5  35   151   25.26   72.20   9.02   25.60  0.95  
9    21   M    8  46   166   39.44   85.70   4.64   10.10  2.00  
10   15   M    6  45   165   38.47   85.50   3.92   8.90   1.70  
11   13   M    5  32   142   25.50   79.70   4.26   13.90  0.99  
12   20   M    6  40   153   32.70   82.00   4.66   12.00  1.38  
13   17   M    5  51   166   42.37   80.00   5.42   10.90  1.70  
14   18   F    7  47   155   32.75   70.20   12.45  26.70  1.46  
15   24   F    9  36   150   26.28   73.00   6.77   18.80  1.32  
16   25   F    7  43   151   31.99   75.30   7.75   18.80  1.52  
17   20   F    8  47   156   31.90   67.90   11.73  26.00  1.46  
18   18   F    6  42   145   29.43   70.10   10.00  24.50  1.30  
19   19   F    6  47   156   31.00   66.00   12.80  28.20  1.68  
20   20   M    7  46   164   38.32   83.30   3.96   9.00   1.69  
21   28   M   12  48   158   40.16   83.67   5.05   10.70  1.97  
22   18   F    8  43   148   31.91   74.21   8.88   21.10  1.49  
23   22   F    8  49   157   32.42   66.20   8.71   20.30  1.69  
24   19   F   10  49   153   34.10   69.60   11.77  24.70  1.76  
25   20   F   12  43   147   30.31   70.50   9.68   23.30  1.50  
26   21   F    8  41   148   29.62   72.20   7.88   20.10  1.69  
27   22   M   12  53   157   44.37   83.72   4.67   9.10   2.21  
28   20   M   11  49   161   42.00   85.70   3.60   7.60   1.72  
29   17   M    9  48   160   40.12   83.60   5.27   11.20  1.57  
30   20   F    8  43   151   29.51   68.60   10.56  25.40  1.49  
31   17   M    6  52   155   42.90   82.50   6.18   12.20  1.62  
32   14   M    4  43   162   33.00   76.70   7.34   17.70  1.20  
33   21   M    6  47   162   39.50   84.00   3.85   8.50   2.15  
34   21   F    8  48   160   34.75   72.40   10.86  22.90  1.87  
35   14   M    4  39   161   31.70   82.30   4.24   11.40  1.36  
36   22   M    8  55   159   40.30   73.20   10.10  19.30  2.15  
37   20   M    9  51   161   44.00   86.30   3.66   7.40   2.10  
38   27   M   12  51   160   43.00   84.30   4.66   9.40   2.12  
39   21   M    8  47   162   39.60   84.30   3.96   10.10  2.03  
40   12   M   10  39   155   33.00   84.60   3.50   9.20   1.43  
41   15   M    6  45   154   36.00   80.00   5.33   12.50  1.52  
42   22   M    7  46   157   38.50   84.00   4.63   10.30  1.86  
43   25   M   13  45   162   37.35   83.00   4.34   10.00  1.70  